0.000000000000000000e+00 2.134233461667968754e+02
1.017612524461839092e-02 2.037860719957632227e+02
2.054794520547944398e-02 1.841673352904446119e+02
2.994129158512719852e-02 1.507810640550779624e+02
4.011741682974561546e-02 1.304739506232569397e+02
5.048923679060666331e-02 1.160180393667064038e+02
5.988258317025441785e-02 8.917134703311253929e+01
4.324853228962819568e-02 3.812632946814125123e+00
4.559686888454011350e-02 1.344990711784782533e+01
5.068493150684933585e-02 2.102205110937429922e+01
6.007827788649708345e-02 3.341283218641761010e+01
8.003913894324855838e-02 5.716182925075062826e+01
1.001956947162426920e-01 3.651052745567847069e+01
